Classification Report
              precision    recall  f1-score   support

           0       0.82      0.81      0.81       127
           1       0.88      0.88      0.88       126
           2       0.92      0.94      0.93       126
           3       0.91      0.87      0.89       134
           4       0.80      0.84      0.82       126
           5       0.92      0.91      0.91       131
           6       0.86      0.88      0.87       130
           7       0.74      0.75      0.74       131
           8       0.94      0.93      0.93       124
           9       0.93      0.96      0.95       138
          10       0.96      0.92      0.94       141
          11       0.99      0.98      0.98       137
          12       0.89      0.80      0.85       127
          13       0.86      0.83      0.84       127
          14       0.88      0.92      0.90       147
          15       0.93      0.89      0.91       126
          16       0.91      0.90      0.90       137
          17       0.71      0.80      0.75       136

    accuracy                           0.88      2371
   macro avg       0.88      0.88      0.88      2371
weighted avg       0.88      0.88      0.88      2371