Classification Report
              precision    recall  f1-score   support

           0       0.95      0.83      0.88        23
           1       0.81      0.62      0.70        21
           2       0.68      0.81      0.74        21
           3       0.42      0.74      0.54        23
           4       0.70      0.76      0.73        21
           5       0.93      0.62      0.74        21
           6       0.84      0.73      0.78        22
           7       0.92      0.57      0.71        21
           8       0.84      0.76      0.80        21
           9       0.56      0.86      0.68        21
          10       0.87      0.83      0.85        24
          11       0.71      0.68      0.70        22
          12       0.75      0.78      0.77        23
          13       0.50      0.50      0.50        22
          14       0.85      0.96      0.90        23
          15       0.87      0.87      0.87        23
          16       0.78      0.64      0.70        22
          17       0.88      0.70      0.78        20

    accuracy                           0.74       394
   macro avg       0.77      0.74      0.74       394
weighted avg       0.77      0.74      0.74       394