Classification Report
              precision    recall  f1-score   support

           0       0.91      0.87      0.89        23
           1       0.53      0.76      0.63        21
           2       0.94      0.71      0.81        21
           3       0.57      0.57      0.57        23
           4       0.76      0.62      0.68        21
           5       0.71      0.81      0.76        21
           6       0.79      0.68      0.73        22
           7       0.59      0.81      0.68        21
           8       0.88      0.71      0.79        21
           9       0.75      0.71      0.73        21
          10       0.87      0.83      0.85        24
          11       0.86      0.86      0.86        22
          12       0.77      0.74      0.76        23
          13       0.50      0.55      0.52        22
          14       0.95      0.91      0.93        23
          15       0.91      0.91      0.91        23
          16       0.68      0.68      0.68        22
          17       0.84      0.80      0.82        20

    accuracy                           0.75       394
   macro avg       0.77      0.75      0.76       394
weighted avg       0.77      0.75      0.76       394