Classification Report
              precision    recall  f1-score   support

           0       1.00      0.83      0.90        23
           1       0.76      0.62      0.68        21
           2       0.77      0.81      0.79        21
           3       0.45      0.83      0.58        23
           4       0.50      0.81      0.62        21
           5       0.78      0.67      0.72        21
           6       0.76      0.73      0.74        22
           7       1.00      0.57      0.73        21
           8       0.85      0.81      0.83        21
           9       0.77      0.81      0.79        21
          10       0.79      0.79      0.79        24
          11       0.76      0.73      0.74        22
          12       0.86      0.83      0.84        23
          13       0.47      0.36      0.41        22
          14       0.85      0.96      0.90        23
          15       0.87      0.87      0.87        23
          16       0.78      0.64      0.70        22
          17       0.94      0.75      0.83        20

    accuracy                           0.75       394
   macro avg       0.78      0.74      0.75       394
weighted avg       0.78      0.75      0.75       394