Classification Report
              precision    recall  f1-score   support

           0       0.96      0.96      0.96       137
           1       0.92      0.85      0.88       127
           2       0.93      0.88      0.90       126
           3       0.82      0.82      0.82       137
           4       0.79      0.79      0.79        14
           5       0.86      0.87      0.86       126
           6       0.84      0.88      0.86       133
           7       0.92      0.85      0.88       127
           8       1.00      1.00      1.00         2
           9       0.69      0.85      0.77       130
          10       0.91      0.93      0.92       147
          11       0.91      0.80      0.85       128
          12       0.92      0.88      0.90       131
          13       0.87      0.91      0.89       126
          14       0.93      0.91      0.92       138
          15       0.93      0.98      0.96       141
          16       0.86      0.86      0.86         7
          17       0.94      0.90      0.92       124

    accuracy                           0.89      2001
   macro avg       0.89      0.88      0.89      2001
weighted avg       0.89      0.89      0.89      2001